# viernes 26 ago 2022
v <- c(2, 1, 3, 4)
w <- c(0, 2, -2, 1)
2*v + 3*w+2   # [1] = 2*v[1] + 3*w[1]+2

z <- c(1, 2, 3)
z
v + z

# ??
# help()